location-long,location-lat,height-raw_x,individual-local-identifier_x,height-raw_y,individual-local-identifier_y,time_diff,terrain
-78.878,51.92905,-7.0,1208-75545,-9.0,1208-75628,895.0,8
-78.87815,51.92895,-10.0,1208-75545,-4.0,1208-75628,87.0,0
-78.878,51.92895,-6.0,1208-75545,-5.0,1208-75628,938.0,0
-78.8772,51.92945,-11.0,1208-75545,-7.0,1208-75628,69.0,0
-78.8753,51.9282,0.0,1208-75545,-7.0,1208-75628,6.0,14
-78.8757,51.9284,-6.0,1208-75545,-6.0,1208-75628,36.0,0
-78.8752,51.9283,-9.0,1208-75545,1.0,1208-75628,952.0,0
-78.87535,51.92805,-6.0,1208-75545,-10.0,1208-75628,0.0,14
-78.87555,51.92995,-1.0,1208-75545,-10.0,1208-75628,1.0,0
-78.87555,51.93,-1.0,1208-75545,-5.0,1208-75628,1.0,0
-78.87565,51.9301,-5.0,1208-75545,-8.0,1208-75628,914.0,0
-78.8756,51.93015,-5.0,1208-75545,-5.0,1208-75628,914.0,0
-78.87565,51.93015,-5.0,1208-75545,-9.0,1208-75628,945.0,0
-78.87565,51.93015,-7.0,1208-75545,-1.0,1208-75628,901.0,0
-78.87565,51.93015,-7.0,1208-75545,-1.0,1208-75628,12.0,0
-78.87565,51.93015,-5.0,1208-75545,-1.0,1208-75628,925.0,0
-78.87565,51.93015,0.0,1208-75545,-6.0,1208-75628,902.0,0
-78.87565,51.93015,-6.0,1208-75545,-6.0,1208-75628,11.0,0
-78.87565,51.93015,-6.0,1208-75545,-6.0,1208-75628,924.0,0
-78.87565,51.93015,-6.0,1208-75545,-3.0,1208-75628,921.0,0
-78.8763,51.93345,-11.0,1208-75545,-8.0,1208-75628,4.0,0
-78.8762,51.93345,-5.0,1208-75545,-18.0,1208-75628,15.0,0
-78.8709,51.9315,-6.0,1208-75545,0.0,1208-75628,71.0,0
-78.878,51.92875,-6.0,1208-75545,-4.0,1208-75634,931.0,0
-78.878,51.92875,-6.0,1208-75545,-4.0,1208-75634,19.0,0
-78.8757,51.93025,-5.0,1208-75545,11.0,1208-75634,76.0,0
-78.87805,51.92895,-6.0,1208-75545,-7.0,1208-75647,912.0,0
-78.87805,51.92895,-8.0,1208-75545,-7.0,1208-75647,0.0,0
-78.878,51.92895,-5.0,1208-75545,-4.0,1208-75663,992.0,0
-78.87805,51.92885,-5.0,1208-75545,-8.0,1208-75663,835.0,0
-78.82785,51.51655,-6.0,1208-75599,-8.0,1208-75550,12.0,0
-78.8731,51.89525,-6.0,1208-75600,-5.0,1208-75651,30.0,0
-78.8636,51.88535,-7.0,1208-75600,-12.0,1208-75664,873.0,14
-78.8656,51.88605,-10.0,1208-75600,-1.0,1208-75664,62.0,2
-78.86415,51.8959,4.0,1208-75600,-6.0,1208-75584,28.0,1
-78.8821,51.93715,-4.0,1208-75628,-6.0,1208-75634,841.0,14
-78.85105,51.94155,-8.0,1208-75628,-7.0,1208-75634,8.0,0
-78.8553,51.94275,-3.0,1208-75628,3.0,1208-75634,869.0,8
-78.8489,51.94195,-6.0,1208-75628,-8.0,1208-75634,912.0,0
-78.8489,51.94195,-6.0,1208-75628,-7.0,1208-75634,1.0,0
-78.8489,51.94195,-6.0,1208-75628,-9.0,1208-75634,914.0,0
-78.8489,51.94195,-1.0,1208-75628,-4.0,1208-75634,909.0,0
-78.8489,51.94195,-1.0,1208-75628,-3.0,1208-75634,4.0,0
-78.8489,51.94195,0.0,1208-75628,-4.0,1208-75634,927.0,0
-78.87655,51.93315,-20.0,1208-75628,-1.0,1208-75635,976.0,0
-78.87655,51.93315,-20.0,1208-75628,-2.0,1208-75635,63.0,0
-78.8775,51.92915,-4.0,1208-75628,-7.0,1208-75647,967.0,0
-78.8668,51.93835,-7.0,1208-75628,0.0,1208-75647,62.0,0
-78.8668,51.93835,-11.0,1208-75628,0.0,1208-75647,976.0,0
-78.86675,51.93835,-5.0,1208-75628,-8.0,1208-75647,953.0,0
-78.86285,51.93635,-3.0,1208-75628,-4.0,1208-75647,888.0,14
-78.8489,51.9419,-4.0,1208-75628,-11.0,1208-75647,3.0,0
-78.84895,51.94195,-8.0,1208-75628,-7.0,1208-75647,949.0,0
-78.84895,51.94195,-8.0,1208-75628,-7.0,1208-75647,35.0,0
-78.84895,51.94195,-8.0,1208-75628,-3.0,1208-75647,921.0,0
-78.84895,51.94195,-4.0,1208-75628,-3.0,1208-75647,914.0,0
-78.84895,51.94195,-5.0,1208-75628,-5.0,1208-75647,911.0,0
-78.8696,51.9387,-10.0,1208-75628,0.0,1208-75647,86.0,0
-78.8694,51.93765,-14.0,1208-75628,-17.0,1208-75647,41.0,0
-78.87465,51.927,-2.0,1208-75628,-4.0,1208-75663,23.0,8
-78.87465,51.927,-2.0,1208-75628,-4.0,1208-75663,940.0,8
-78.87815,51.9288,-3.0,1208-75628,-4.0,1208-75663,94.0,0
-78.87655,51.93315,-20.0,1208-75628,-8.0,1208-75663,69.0,0
-78.8765,51.93315,-9.0,1208-75628,-6.0,1208-75663,833.0,0
-78.87645,51.9331,-26.0,1208-75628,-13.0,1208-75663,53.0,0
-78.8781,51.92885,0.0,1208-75628,-8.0,1208-75663,829.0,0
-78.8493,51.9415,-6.0,1208-75634,-6.0,1208-75635,134.0,0
-78.83965,51.94715,-10.0,1208-75634,-13.0,1208-75635,43.0,0
-78.86225,51.93875,-5.0,1208-75634,-7.0,1208-75635,939.0,0
-78.86225,51.93875,-3.0,1208-75634,-7.0,1208-75635,26.0,0
-78.86225,51.9387,-8.0,1208-75634,-5.0,1208-75635,919.0,0
-78.85845,51.9404,-4.0,1208-75634,-10.0,1208-75635,927.0,0
-78.85845,51.9404,-2.0,1208-75634,-10.0,1208-75635,899.0,0
-78.8585,51.9404,-17.0,1208-75634,4.0,1208-75635,913.0,0
-78.8585,51.9404,-17.0,1208-75634,-5.0,1208-75635,3.0,0
-78.8585,51.9404,-15.0,1208-75634,-5.0,1208-75635,909.0,0
-78.8546,51.94285,-2.0,1208-75634,-4.0,1208-75644,78.0,0
-78.8529,51.9414,-5.0,1208-75634,0.0,1208-75644,28.0,0
-78.8671,51.9401,-6.0,1208-75634,-3.0,1208-75647,49.0,14
-78.8628,51.93635,-4.0,1208-75634,-5.0,1208-75647,144.0,14
-78.8751,51.9411,-2.0,1208-75634,2.0,1208-75647,29.0,18
-78.8752,51.941,-4.0,1208-75634,-6.0,1208-75647,959.0,18
-78.8489,51.94195,-7.0,1208-75634,-10.0,1208-75647,8.0,0
-78.8489,51.94195,-2.0,1208-75634,-10.0,1208-75647,921.0,0
-78.8489,51.942,2.0,1208-75634,-9.0,1208-75647,942.0,0
-78.8489,51.942,-2.0,1208-75634,-9.0,1208-75647,29.0,0
-78.84895,51.94195,-5.0,1208-75634,-2.0,1208-75647,29.0,0
-78.8684,51.9378,-7.0,1208-75634,-9.0,1208-75647,984.0,0
-78.8684,51.9378,-10.0,1208-75634,-7.0,1208-75647,946.0,0
-78.8684,51.9378,-7.0,1208-75634,-8.0,1208-75647,945.0,0
-78.8684,51.9378,-7.0,1208-75634,-6.0,1208-75647,881.0,0
-78.8684,51.9378,-14.0,1208-75634,-7.0,1208-75647,39.0,0
-78.8684,51.9378,-13.0,1208-75634,-7.0,1208-75647,981.0,0
-78.87815,51.9288,-1.0,1208-75634,-2.0,1208-75651,976.0,0
-78.8781,51.9288,-6.0,1208-75634,-6.0,1208-75651,958.0,0
-78.8696,51.93165,-9.0,1208-75634,-8.0,1208-75651,858.0,0
-78.87,51.93185,-9.0,1208-75634,-4.0,1208-75651,824.0,0
-78.87,51.93185,-9.0,1208-75634,-7.0,1208-75651,103.0,0
-78.87815,51.92885,-2.0,1208-75634,-2.0,1208-75663,871.0,0
-78.8465,51.94305,-1.0,1208-75635,4.0,1208-75647,1.0,0
-78.87655,51.93315,-1.0,1208-75635,-8.0,1208-75663,907.0,0
-78.87655,51.93315,-2.0,1208-75635,-8.0,1208-75663,6.0,0
-78.85295,51.9411,-3.0,1208-75644,0.0,1208-75552,106.0,14
-78.841,51.9456,-7.0,1208-75644,-8.0,1208-75552,958.0,0
-78.8781,51.9288,-4.0,1208-75647,-5.0,1208-75651,907.0,0
-78.87805,51.92865,1.0,1208-75651,-5.0,1208-75663,284.0,0
-78.87805,51.92865,0.0,1208-75651,-5.0,1208-75663,636.0,0
-78.86325,51.89055,-4.0,1208-75584,-4.0,1208-75597,1159.0,14
-78.86315,51.8902,6.0,1208-75584,-15.0,1208-75597,1124.0,8
-78.86215,51.8919,-4.0,1208-75589,-8.0,1208-75597,36.0,8
-78.8621,51.8919,-3.0,1208-75589,-1.0,1208-75597,25.0,8
-77.5926,59.683,8.1,1158-64172,14.9,1158-64164,53.0,12
-77.58975,59.6843,0.7,1158-64172,5.9,1158-64164,0.0,12
-77.58965,59.6841,0.7,1158-64172,7.0,1158-64164,961.0,12
-77.58965,59.6841,0.7,1158-64172,5.6,1158-64164,29.0,12
-77.58965,59.6841,0.7,1158-64172,7.3,1158-64164,905.0,12
-77.58965,59.6841,-1.0,1158-64172,5.6,1158-64164,966.0,12
-77.58965,59.6841,-1.0,1158-64172,7.3,1158-64164,32.0,12
-77.58965,59.68405,7.3,1158-64172,4.7,1158-64164,882.0,12
-77.5815,59.68135,-0.6,1158-64172,2.7,1158-64164,288.0,18
-77.5815,59.68135,-0.6,1158-64172,1.2,1158-64164,647.0,18
-77.5815,59.68135,2.6,1158-64172,6.0,1158-64164,288.0,18
-77.5815,59.68135,2.6,1158-64172,2.1,1158-64164,648.0,18
-77.588,59.68105,4.8,1158-64172,10.3,1158-64164,984.0,18
-77.588,59.68105,4.8,1158-64172,1.0,1158-64164,54.0,18
-77.58055,59.6815,12.2,1158-64172,3.4,1158-64164,935.0,18
-77.58155,59.68135,8.4,1158-64172,9.2,1158-64164,842.0,18
-77.58155,59.68135,5.5,1158-64172,9.2,1158-64164,95.0,18
-77.58155,59.68135,7.9,1158-64172,7.6,1158-64164,818.0,18
-77.58155,59.68135,4.2,1158-64172,7.6,1158-64164,119.0,18
-77.58155,59.68135,4.2,1158-64172,13.6,1158-64164,817.0,18
-77.5816,59.68135,4.7,1158-64172,7.7,1158-64164,836.0,18
-77.5816,59.68135,4.6,1158-64172,7.7,1158-64164,1036.0,18
-77.58145,59.68135,4.1,1158-64172,7.2,1158-64164,263.0,18
-77.58145,59.68135,3.1,1158-64172,3.6,1158-64164,311.0,18
-77.58145,59.68135,3.1,1158-64172,2.4,1158-64164,620.0,18
-77.58145,59.68135,3.3,1158-64172,2.4,1158-64164,317.0,18
-77.58145,59.68135,3.3,1158-64172,9.0,1158-64164,636.0,18
-77.58145,59.68135,4.7,1158-64172,9.0,1158-64164,300.0,18
-77.5907,59.67945,8.0,1158-64172,5.1,1158-64164,1059.0,18
-77.6926,35.9421,17.0,1208-80640,18.0,1208-81247,72.0,15
-77.69025,35.96415,30.0,1208-80640,10.0,1208-81247,21.0,15
-77.698,35.96805,15.0,1208-80640,7.0,1208-81247,26.0,15
-74.21105,44.89105,248.0,1208-80653,260.0,1208-79485,33.0,18
-77.35365,59.892,11.9,1158-64129,14.5,1158-64134,1111.0,18
-77.35365,59.892,10.5,1158-64129,9.9,1158-64134,745.0,18
-77.35365,59.892,12.8,1158-64129,9.9,1158-64134,191.0,18
-77.3536,59.892,8.7,1158-64129,10.3,1158-64134,197.0,18
-77.3536,59.892,7.1,1158-64129,15.5,1158-64134,1022.0,18
-77.3536,59.892,7.1,1158-64129,10.1,1158-64134,92.0,18
-77.3536,59.892,7.1,1158-64129,9.1,1158-64134,839.0,18
-77.3535,59.89205,18.6,1158-64129,38.8,1158-64134,1070.0,18
-77.3535,59.89205,7.6,1158-64129,15.1,1158-64134,846.0,18
-77.35355,59.89205,22.0,1158-64129,15.4,1158-64134,1067.0,18
-77.35355,59.89205,15.3,1158-64129,20.2,1158-64134,877.0,18
-77.35355,59.89205,16.1,1158-64129,20.2,1158-64134,60.0,18
-77.35355,59.89205,16.1,1158-64129,-13.6,1158-64134,875.0,18
-77.35355,59.892,15.6,1158-64129,9.6,1158-64134,896.0,18
-77.35355,59.892,13.7,1158-64129,9.6,1158-64134,42.0,18
-77.35355,59.892,9.0,1158-64129,13.3,1158-64134,997.0,18
-77.35355,59.892,10.8,1158-64129,2.7,1158-64134,811.0,18
-77.36335,59.9025,8.7,1158-64129,9.4,1158-64134,103.0,13
-77.36335,59.9025,6.9,1158-64129,9.4,1158-64134,1040.0,13
-77.3625,59.9025,17.3,1158-64129,10.7,1158-64134,778.0,11
-77.3625,59.9025,17.7,1158-64129,10.7,1158-64134,164.0,11
-77.3625,59.9025,17.7,1158-64129,3.3,1158-64134,766.0,11
-77.3625,59.9025,6.6,1158-64129,11.5,1158-64134,1142.0,11
-77.3625,59.9025,6.6,1158-64129,12.4,1158-64134,212.0,11
-77.36265,59.9025,9.2,1158-64129,8.9,1158-64134,672.0,11
-77.35345,59.892,19.9,1158-64129,6.8,1158-64134,901.0,18
-77.35345,59.892,13.5,1158-64129,6.8,1158-64134,41.0,18
-77.35945,59.90375,13.3,1158-64129,35.6,1158-64134,37.0,18
-77.35935,59.9037,12.2,1158-64129,12.7,1158-64134,818.0,18
-77.3536,59.89205,16.4,1158-64129,15.9,1158-64134,1006.0,18
-77.3536,59.89205,16.4,1158-64129,12.9,1158-64134,56.0,18
-77.3536,59.89205,16.4,1158-64129,15.3,1158-64134,878.0,18
-77.3536,59.89205,16.3,1158-64129,12.9,1158-64134,996.0,18
-77.3536,59.89205,16.3,1158-64129,15.3,1158-64134,62.0,18
-77.3536,59.89205,16.3,1158-64129,15.5,1158-64134,868.0,18
-77.3536,59.89205,18.0,1158-64129,15.5,1158-64134,1006.0,18
-77.3536,59.89205,14.4,1158-64129,9.3,1158-64134,1035.0,18
-77.3536,59.89205,14.4,1158-64129,10.7,1158-64134,835.0,18
-77.3493,59.887,15.6,1158-64129,20.1,1158-64134,972.0,18
-77.3495,59.88705,18.9,1158-64129,14.0,1158-64134,1.0,18
-77.34945,59.88705,14.8,1158-64129,12.6,1158-64134,7.0,18
-77.35045,59.8879,10.4,1158-64129,11.1,1158-64134,914.0,18
-77.35045,59.8879,8.5,1158-64129,11.1,1158-64134,29.0,18
-77.35045,59.8879,7.8,1158-64129,9.3,1158-64134,812.0,18
-77.35045,59.8879,8.5,1158-64129,9.3,1158-64134,124.0,18
-77.35045,59.8879,5.4,1158-64129,9.3,1158-64134,1060.0,18
-77.3504,59.8879,10.8,1158-64129,9.4,1158-64134,905.0,18
-77.3504,59.8879,10.4,1158-64129,9.4,1158-64134,35.0,18
-77.3504,59.8879,10.4,1158-64129,8.5,1158-64134,895.0,18
-77.3504,59.8879,10.2,1158-64129,9.4,1158-64134,972.0,18
-77.3504,59.8879,10.2,1158-64129,8.5,1158-64134,42.0,18
-77.3504,59.8879,10.2,1158-64129,8.2,1158-64134,888.0,18
-77.3504,59.8879,11.3,1158-64129,8.2,1158-64134,1012.0,18
-77.3504,59.8879,11.3,1158-64129,7.8,1158-64134,82.0,18
-77.3504,59.8879,11.3,1158-64129,9.7,1158-64134,848.0,18
-77.3504,59.8879,15.8,1158-64129,7.8,1158-64134,1019.0,18
-77.3504,59.8879,15.8,1158-64129,9.7,1158-64134,89.0,18
-77.3504,59.8879,15.8,1158-64129,5.9,1158-64134,841.0,18
-77.36705,59.9021,12.3,1158-64129,8.3,1158-64134,141.0,11
-77.3664,59.90215,14.1,1158-64129,11.1,1158-64134,709.0,11
-77.35445,59.8956,11.5,1158-64129,12.3,1158-64134,51.0,18
-77.35445,59.8956,7.0,1158-64129,12.3,1158-64134,1015.0,18
-77.3544,59.89565,11.5,1158-64129,12.7,1158-64134,727.0,18
-77.3543,59.8957,9.0,1158-64129,11.4,1158-64134,1081.0,18
-77.3543,59.8957,9.0,1158-64129,7.4,1158-64134,786.0,18
-77.36295,59.90385,8.7,1158-64129,13.2,1158-64134,62.0,18
-77.36295,59.90385,8.5,1158-64129,13.2,1158-64134,1004.0,18
-77.36295,59.90385,8.3,1158-64129,11.6,1158-64134,838.0,18
-77.36295,59.90385,9.1,1158-64129,11.6,1158-64134,102.0,18
-77.36295,59.90385,5.1,1158-64129,11.6,1158-64134,1037.0,18
-77.35465,59.89555,1.6,1158-64129,7.4,1158-64134,630.0,18
-77.3678,59.9021,12.7,1158-64129,8.2,1158-64134,887.0,18
-77.3678,59.9021,11.7,1158-64129,8.2,1158-64134,54.0,18
-77.3679,59.9022,11.1,1158-64129,12.7,1158-64134,983.0,18
-77.36695,59.90165,13.1,1158-64129,16.5,1158-64134,18.0,11
-77.36715,59.9016,7.4,1158-64129,3.3,1158-64134,107.0,12
-77.36715,59.9016,11.8,1158-64129,3.3,1158-64134,1054.0,12
-77.3653,59.90185,9.1,1158-64129,7.3,1158-64134,723.0,18
-77.3653,59.90185,11.1,1158-64129,7.3,1158-64134,214.0,18
-77.3653,59.90185,11.3,1158-64129,7.3,1158-64134,1150.0,18
-77.3654,59.90175,38.4,1158-64129,11.6,1158-64134,736.0,18
-77.3654,59.90175,38.4,1158-64129,7.7,1158-64134,194.0,18
-77.3654,59.90175,6.1,1158-64129,7.7,1158-64134,773.0,18
-77.36535,59.9018,4.8,1158-64129,5.9,1158-64134,991.0,18
-77.36535,59.9018,8.0,1158-64129,5.9,1158-64134,54.0,18
-77.36535,59.9018,8.0,1158-64129,12.8,1158-64134,995.0,18
-77.36535,59.9018,9.7,1158-64129,5.9,1158-64134,881.0,18
-77.36535,59.9018,9.7,1158-64129,12.8,1158-64134,60.0,18
-77.36535,59.9018,9.7,1158-64129,11.4,1158-64134,996.0,18
-77.36535,59.9018,12.6,1158-64129,11.4,1158-64134,875.0,18
-77.36535,59.9018,12.6,1158-64129,2.2,1158-64134,1003.0,18
-77.36535,59.9018,12.2,1158-64129,2.2,1158-64134,66.0,18
-77.36535,59.9018,12.2,1158-64129,13.6,1158-64134,1002.0,18
-77.36535,59.9018,9.9,1158-64129,2.2,1158-64134,880.0,18
-77.36535,59.9018,9.9,1158-64129,13.6,1158-64134,56.0,18
-77.36535,59.9018,10.1,1158-64129,15.2,1158-64134,42.0,18
-77.36515,59.9019,6.5,1158-64129,6.0,1158-64134,28.0,18
-76.1133,58.1864,179.2,1158-64129,182.5,1158-64134,916.0,18
-76.1133,58.1864,176.5,1158-64129,182.5,1158-64134,20.0,18
-76.1134,58.1864,173.6,1158-64129,173.0,1158-64134,912.0,18
-76.1134,58.1864,176.9,1158-64129,175.0,1158-64134,1081.0,18
-76.1134,58.1864,176.9,1158-64129,176.5,1158-64134,150.0,18
-76.1134,58.1864,165.2,1158-64129,173.9,1158-64134,1110.0,18
-76.11335,58.1864,178.0,1158-64129,179.5,1158-64134,1051.0,18
-76.11335,58.1864,178.0,1158-64129,177.4,1158-64134,119.0,18
-76.11335,58.1864,175.3,1158-64129,181.9,1158-64134,135.0,18
-76.11335,58.1864,171.6,1158-64129,181.9,1158-64134,1073.0,18
-76.11345,58.1867,173.6,1158-64129,175.2,1158-64134,1159.0,18
-76.11345,58.1867,177.1,1158-64129,175.1,1158-64134,744.0,18
-76.11345,58.18675,178.2,1158-64129,168.8,1158-64134,202.0,18
-76.11345,58.18675,180.2,1158-64129,174.5,1158-64134,754.0,18
-76.11345,58.18675,178.3,1158-64129,176.4,1158-64134,1150.0,18
-76.11345,58.18675,178.3,1158-64129,177.5,1158-64134,716.0,18
-76.11345,58.18675,179.6,1158-64129,177.5,1158-64134,222.0,18
-76.11345,58.18675,179.6,1158-64129,172.4,1158-64134,708.0,18
-76.1134,58.1867,181.6,1158-64129,175.2,1158-64134,209.0,18
-76.22545,58.0201,151.6,1158-64129,155.7,1158-64134,114.0,18
-76.09875,57.01585,192.0,1158-64129,190.8,1158-64134,13.0,18
-77.3652,59.90185,12.6,1158-64129,8.6,1158-64134,1090.0,18
-77.3652,59.90185,6.9,1158-64129,8.0,1158-64134,57.0,18
-77.3652,59.90185,6.9,1158-64129,9.3,1158-64134,880.0,18
-77.3652,59.90185,4.1,1158-64129,8.0,1158-64134,995.0,18
-77.3652,59.90185,4.1,1158-64129,9.3,1158-64134,58.0,18
-77.3652,59.90185,-2.2,1158-64129,7.0,1158-64134,154.0,18
-77.3662,59.9022,17.5,1158-64129,14.5,1158-64134,947.0,11
-77.36525,59.90185,12.9,1158-64129,11.8,1158-64134,1121.0,18
-77.36525,59.90185,12.9,1158-64129,7.4,1158-64134,190.0,18
-77.3647,59.8896,8.7,1158-64129,7.1,1158-64134,1027.0,18
-77.3647,59.8896,8.7,1158-64129,5.1,1158-64134,92.0,18
-77.3647,59.8896,8.7,1158-64129,7.9,1158-64134,839.0,18
-77.3647,59.8896,6.9,1158-64129,5.1,1158-64134,1034.0,18
-77.3647,59.8896,6.9,1158-64129,7.9,1158-64134,103.0,18
-77.3647,59.8896,6.9,1158-64129,6.1,1158-64134,832.0,18
-77.3647,59.8896,5.9,1158-64129,6.1,1158-64134,1062.0,18
-77.3647,59.8896,5.9,1158-64129,3.0,1158-64134,124.0,18
-77.3647,59.8896,10.1,1158-64129,3.0,1158-64134,1089.0,18
-77.36465,59.88965,16.8,1158-64129,15.1,1158-64134,70.0,18
-77.36465,59.88965,16.8,1158-64129,10.6,1158-64134,866.0,18
-77.36465,59.88965,15.4,1158-64129,15.1,1158-64134,1008.0,18
-77.36465,59.88965,15.4,1158-64129,10.6,1158-64134,72.0,18
-77.3528,59.8919,9.4,1158-64129,-2.1,1158-64134,85.0,18
-77.3528,59.8919,9.4,1158-64129,-1.4,1158-64134,853.0,18
-77.3529,59.89195,0.9,1158-64129,9.5,1158-64134,97.0,18
-77.3529,59.89195,0.9,1158-64129,11.9,1158-64134,831.0,18
-77.3529,59.89195,4.4,1158-64129,9.5,1158-64134,1033.0,18
-77.3529,59.89195,4.4,1158-64129,11.9,1158-64134,105.0,18
-77.3529,59.89195,4.4,1158-64129,9.2,1158-64134,828.0,18
-77.3529,59.89195,6.2,1158-64129,11.9,1158-64134,1041.0,18
-77.3529,59.89195,6.2,1158-64129,9.2,1158-64134,108.0,18
-77.3529,59.89195,5.3,1158-64129,9.2,1158-64134,1044.0,18
-77.3529,59.89195,5.3,1158-64129,8.2,1158-64134,822.0,18
-77.3529,59.89195,11.5,1158-64129,8.2,1158-64134,1051.0,18
-77.3529,59.89195,11.5,1158-64129,12.2,1158-64134,809.0,18
-77.3529,59.89195,12.2,1158-64129,12.2,1158-64134,126.0,18
-77.36515,59.90185,8.6,1158-64129,13.9,1158-64134,783.0,18
-77.36515,59.90185,12.7,1158-64129,13.9,1158-64134,1123.0,18
-77.36515,59.90185,12.7,1158-64129,14.9,1158-64134,176.0,18
-77.3651,59.9019,13.4,1158-64129,7.5,1158-64134,1146.0,18
-77.3651,59.9019,9.9,1158-64129,7.5,1158-64134,210.0,18
-77.3651,59.9019,10.8,1158-64129,7.5,1158-64134,727.0,18
-77.3651,59.90185,10.8,1158-64129,9.6,1158-64134,193.0,18
-77.36465,59.90095,9.8,1158-64129,13.2,1158-64134,133.0,12
-77.3706,59.90005,9.7,1158-64129,16.3,1158-64134,948.0,18
-73.4597,53.94155,372.0,1158-64129,375.1,1158-64134,44.0,18
-73.4597,53.9415,374.1,1158-64129,364.4,1158-64134,110.0,18
-73.4597,53.9415,370.5,1158-64129,366.5,1158-64134,153.0,18
-73.4597,53.9415,370.5,1158-64129,376.7,1158-64134,784.0,18
-73.4597,53.9415,370.4,1158-64129,376.7,1158-64134,1104.0,18
-73.4597,53.9415,370.4,1158-64129,376.1,1158-64134,169.0,18
-73.4599,53.9413,374.7,1158-64129,377.4,1158-64134,204.0,18
-73.4599,53.9413,374.7,1158-64129,369.4,1158-64134,727.0,18
-73.4599,53.9413,377.9,1158-64129,369.8,1158-64134,1187.0,18
-73.4599,53.9413,377.9,1158-64129,376.2,1158-64134,688.0,18
-73.45985,53.9413,378.2,1158-64129,372.3,1158-64134,1188.0,18
-73.4599,53.94125,378.4,1158-64129,378.1,1158-64134,701.0,18
-73.4599,53.94125,369.9,1158-64129,378.1,1158-64134,240.0,18
-73.45585,53.94205,371.8,1158-64129,371.3,1158-64134,17.0,18
-73.4559,53.9421,373.5,1158-64129,374.9,1158-64134,151.0,18
-73.4557,53.942,370.9,1158-64129,390.0,1158-64134,221.0,1
-73.11925,53.3726,476.1,1158-64129,474.8,1158-64134,215.0,18
-73.1201,53.37315,468.1,1158-64129,482.5,1158-64134,948.0,8
-73.1186,53.3709,467.6,1158-64129,469.3,1158-64134,17.0,18
-73.12295,53.3716,469.9,1158-64129,470.9,1158-64134,904.0,18
-73.12295,53.3716,471.7,1158-64129,470.9,1158-64134,59.0,18
-73.12295,53.3716,471.7,1158-64129,80334.0,1158-64134,871.0,18
-73.12295,53.3716,470.3,1158-64129,470.9,1158-64134,997.0,18
-73.12295,53.3716,470.3,1158-64129,80334.0,1158-64134,67.0,18
-73.12295,53.3716,470.3,1158-64129,471.4,1158-64134,863.0,18
-73.123,53.3716,473.4,1158-64129,467.8,1158-64134,78.0,18
-73.1204,53.37095,469.5,1158-64129,464.2,1158-64134,539.0,18
-74.65125,42.88295,249.0,1208-80930,246.0,1208-79449,452.0,15
-74.6512,42.88295,255.0,1208-80930,241.0,1208-79449,496.0,15
-74.6512,42.88295,254.0,1208-80930,250.0,1208-79449,386.0,15
-74.65125,42.883,253.0,1208-80930,252.0,1208-79449,302.0,15
-74.1769,44.85295,358.0,1278-00643,347.0,1208-79485,303.0,15
-70.0057,60.16165,40.0,1208-79468,78.0,1208-79485,488.0,12
-70.0177,60.1619,87.0,1208-79468,89.0,1208-79485,741.0,13
-69.9496,60.1296,77.0,1208-79485,73.0,1208-79489,1032.0,18
